# colors go in following order:
# blue - saphire(s), green - emerald(e), black - onyx(o),
# red - ruby(r), white - diamond(d), universal/yellow - gold(g)
# lists represent cards as follows:
# [resource, power, points, level,
#  cost_red, cost_white, cost_black, cost_green, cost_blue]
#
# level 1 cards
#
["r", 1, 0, 1, 0, 0, 0, 1, 2]
["e", 1, 0, 1, 1, 1, 2, 0, 1]
["e", 1, 0, 1, 2, 0, 2, 0, 1]
["s", 1, 0, 1, 1, 1, 1, 1, 0]
["s", 1, 0, 1, 2, 1, 0, 2, 0]
["o", 1, 0, 1, 1, 1, 0, 1, 1]
["o", 1, 0, 1, 1, 2, 0, 0, 2]
["o", 1, 1, 1, 0, 0, 0, 0, 4]
["r", 1, 0, 1, 0, 2, 2, 1, 0]
["r", 1, 0, 1, 0, 3, 0, 0, 0]
["r", 1, 0, 1, 2, 2, 0, 0, 0]
["e", 1, 0, 1, 1, 1, 1, 0, 1]
["r", 1, 0, 1, 1, 1, 3, 0, 0]
["d", 1, 0, 1, 1, 0, 1, 1, 1]
["e", 1, 1, 1, 0, 0, 4, 0, 0]
["o", 1, 0, 1, 0, 0, 0, 3, 0]
["s", 1, 1, 1, 4, 0, 0, 0, 0]
["d", 1, 0, 1, 0, 0, 0, 0, 3]
["d", 1, 0, 1, 0, 0, 2, 0, 2]
["s", 1, 0, 1, 0, 0, 2, 2, 0]
["s", 1, 0, 1, 0, 0, 3, 0, 0]
["o", 1, 0, 1, 1, 0, 0, 2, 0]
["o", 1, 0, 1, 0, 2, 0, 2, 0]
["e", 1, 0, 1, 0, 2, 0, 0, 1]
["e", 1, 0, 1, 2, 0, 0, 0, 2]
["r", 1, 0, 1, 0, 1, 1, 1, 1]
["d", 1, 0, 1, 2, 0, 1, 0, 0]
["d", 1, 0, 1, 0, 3, 1, 0, 1]
["d", 1, 1, 1, 0, 0, 0, 4, 0]
["o", 1, 0, 1, 1, 1, 0, 1, 2]
["o", 1, 0, 1, 3, 0, 1, 1, 0]
["e", 1, 0, 1, 3, 0, 0, 0, 0]
["e", 1, 0, 1, 0, 1, 0, 1, 3]
["s", 1, 0, 1, 2, 1, 1, 1, 0]
["d", 1, 0, 1, 0, 0, 1, 2, 2]
["d", 1, 0, 1, 1, 0, 1, 2, 1]
["r", 1, 0, 1, 0, 2, 1, 1, 1]
["r", 1, 1, 1, 0, 4, 0, 0, 0]
["s", 1, 0, 1, 1, 0, 0, 3, 1]
["s", 1, 0, 1, 0, 1, 2, 0, 0]
#
# level 2
#
["d", 1, 2, 2, 4, 0, 2, 1, 0]
["s", 1, 2, 2, 0, 0, 0, 0, 5]
["s", 1, 2, 2, 1, 2, 4, 0, 0]
["r", 1, 3, 2, 6, 0, 0, 0, 0]
["o", 1, 2, 2, 2, 0, 0, 4, 1]
["r", 1, 2, 2, 0, 3, 5, 0, 0]
["s", 1, 1, 2, 3, 0, 0, 2, 2]
["e", 1, 3, 2, 0, 0, 0, 6, 0]
["r", 1, 1, 2, 2, 0, 3, 0, 3]
["e", 1, 1, 2, 0, 2, 2, 0, 3]
["e", 1, 2, 2, 0, 4, 1, 0, 2]
["o", 1, 3, 2, 0, 0, 6, 0, 0]
["d", 1, 3, 2, 0, 6, 0, 0, 0]
["s", 1, 2, 2, 0, 5, 0, 0, 3]
["s", 1, 3, 2, 0, 0, 0, 0, 6]
["o", 1, 2, 2, 3, 0, 0, 5, 0]
["d", 1, 2, 2, 5, 0, 3, 0, 0]
["o", 1, 2, 2, 0, 5, 0, 0, 0]
["o", 1, 1, 2, 0, 3, 0, 2, 2]
["r", 1, 1, 2, 2, 2, 3, 0, 0]
["e", 1, 1, 2, 2, 3, 0, 2, 0]
["e", 1, 2, 2, 0, 0, 0, 5, 0]
["d", 1, 2, 2, 5, 0, 0, 0, 0]
["r", 1, 2, 2, 0, 0, 5, 0, 0]
["d", 1, 1, 2, 3, 2, 0, 0, 3]
["s", 1, 1, 2, 0, 0, 3, 3, 2]
["o", 1, 1, 2, 0, 3, 2, 3, 0]
["e", 1, 2, 2, 0, 0, 0, 3, 5]
["d", 1, 1, 2, 2, 0, 2, 3, 0]
["r", 1, 2, 2, 0, 1, 0, 2, 4]
#
# level 3
#
["e", 1, 4, 3, 0, 3, 0, 3, 6]
["s", 1, 4, 3, 0, 7, 0, 0, 0]
["r", 1, 4, 3, 0, 0, 0, 7, 0]
["r", 1, 4, 3, 3, 0, 0, 6, 3]
["d", 1, 4, 3, 3, 3, 6, 0, 0]
["s", 1, 4, 3, 0, 6, 3, 0, 3]
["o", 1, 4, 3, 6, 0, 3, 3, 0]
["o", 1, 5, 3, 7, 0, 3, 0, 0]
["e", 1, 4, 3, 0, 0, 0, 0, 7]
["d", 1, 4, 3, 0, 0, 7, 0, 0]
["d", 1, 3, 3, 5, 0, 3, 3, 3]
["r", 1, 5, 3, 3, 0, 0, 7, 0]
["o", 1, 3, 3, 3, 3, 0, 5, 3]
["d", 1, 5, 3, 0, 3, 7, 0, 0]
["e", 1, 5, 3, 0, 0, 0, 3, 7]
["r", 1, 3, 3, 0, 3, 3, 3, 5]
["e", 1, 3, 3, 3, 5, 3, 0, 3]
["o", 1, 4, 3, 7, 0, 0, 0, 0]
["s", 1, 5, 3, 0, 7, 0, 0, 3]
["s", 1, 3, 3, 3, 3, 5, 3, 0]
#
# nobles - level 0
#
["x", 0, 3, 0, 0, 4, 0, 0, 4]
["x", 0, 3, 0, 0, 0, 0, 4, 4]
["x", 0, 3, 0, 0, 3, 3, 0, 3]
["x", 0, 3, 0, 3, 3, 3, 0, 0]
["x", 0, 3, 0, 3, 0, 3, 3, 0]
["x", 0, 3, 0, 3, 0, 0, 3, 3]
["x", 0, 3, 0, 0, 4, 4, 0, 0]
["x", 0, 3, 0, 4, 0, 0, 4, 0]
["x", 0, 3, 0, 0, 3, 0, 3, 3]
["x", 0, 3, 0, 4, 0, 4, 0, 0]
#
#